tempsAnual <-
structure(list(Year = 1880:2025, Jan = c(-0.20000000000000001, 
-0.20000000000000001, 0.16, -0.28999999999999998, -0.13, -0.57999999999999996, 
-0.44, -0.71999999999999997, -0.34000000000000002, -0.089999999999999997, 
-0.41999999999999998, -0.34000000000000002, -0.28999999999999998, 
-0.81000000000000005, -0.53000000000000003, -0.40999999999999998, 
-0.22, -0.14999999999999999, -0.029999999999999999, -0.17000000000000001, 
-0.35999999999999999, -0.22, -0.16, -0.23999999999999999, -0.64000000000000001, 
-0.34999999999999998, -0.27000000000000002, -0.41999999999999998, 
-0.44, -0.72999999999999998, -0.42999999999999999, -0.62, -0.25, 
-0.40999999999999998, 0.040000000000000001, -0.20999999999999999, 
-0.13, -0.56999999999999995, -0.47999999999999998, -0.20000000000000001, 
-0.25, -0.050000000000000003, -0.34000000000000002, -0.27000000000000002, 
-0.22, -0.38, 0.20999999999999999, -0.27000000000000002, -0.02, 
-0.45000000000000001, -0.29999999999999999, -0.11, 0.14999999999999999, 
-0.23000000000000001, -0.20000000000000001, -0.34000000000000002, 
-0.27000000000000002, -0.070000000000000007, 0.080000000000000002, 
-0.050000000000000003, -0.01, 0.17999999999999999, 0.28999999999999998, 
-0.01, 0.35999999999999999, 0.10000000000000001, 0.14999999999999999, 
-0.070000000000000007, 0.059999999999999998, 0.059999999999999998, 
-0.26000000000000001, -0.34000000000000002, 0.11, 0.070000000000000007, 
-0.23999999999999999, 0.14000000000000001, -0.12, -0.089999999999999997, 
0.39000000000000001, 0.080000000000000002, 0, 0.070000000000000007, 
0.050000000000000003, -0.029999999999999999, -0.089999999999999997, 
-0.080000000000000002, -0.19, -0.070000000000000007, -0.26000000000000001, 
-0.11, 0.080000000000000002, -0.02, -0.22, 0.28999999999999998, 
-0.10000000000000001, 0.10000000000000001, -0.029999999999999999, 
0.17999999999999999, 0.059999999999999998, 0.080000000000000002, 
0.28999999999999998, 0.53000000000000003, 0.040000000000000001, 
0.53000000000000003, 0.31, 0.22, 0.26000000000000001, 0.31, 0.56000000000000005, 
0.12, 0.40999999999999998, 0.41999999999999998, 0.46999999999999997, 
0.34000000000000002, 0.26000000000000001, 0.52000000000000002, 
0.23999999999999999, 0.32000000000000001, 0.57999999999999996, 
0.47999999999999998, 0.23999999999999999, 0.45000000000000001, 
0.77000000000000002, 0.73999999999999999, 0.57999999999999996, 
0.73999999999999999, 0.56000000000000005, 1.02, 0.29999999999999999, 
0.64000000000000001, 0.73999999999999999, 0.52000000000000002, 
0.46999999999999997, 0.70999999999999996, 0.76000000000000001, 
0.85999999999999999, 1.1799999999999999, 1.02, 0.81999999999999995, 
0.93000000000000005, 1.1699999999999999, 0.81000000000000005, 
0.91000000000000003, 0.87, 1.24, 1.3600000000000001), Feb = c(-0.25, 
-0.14999999999999999, 0.14000000000000001, -0.35999999999999999, 
-0.080000000000000002, -0.33000000000000002, -0.5, -0.56999999999999995, 
-0.35999999999999999, 0.16, -0.45000000000000001, -0.46000000000000002, 
-0.12, -0.56000000000000005, -0.28999999999999998, -0.42999999999999999, 
-0.12, -0.17000000000000001, -0.29999999999999999, -0.38, -0.059999999999999998, 
-0.11, -0.089999999999999997, -0.059999999999999998, -0.57999999999999996, 
-0.58999999999999997, -0.28000000000000003, -0.48999999999999999, 
-0.32000000000000001, -0.46000000000000002, -0.40999999999999998, 
-0.56999999999999995, -0.14000000000000001, -0.45000000000000001, 
-0.10000000000000001, -0.040000000000000001, -0.14999999999999999, 
-0.62, -0.34999999999999998, -0.23000000000000001, -0.27000000000000002, 
-0.17999999999999999, -0.45000000000000001, -0.39000000000000001, 
-0.23000000000000001, -0.39000000000000001, 0.029999999999999999, 
-0.17000000000000001, -0.10000000000000001, -0.57999999999999996, 
-0.26000000000000001, -0.20999999999999999, -0.17000000000000001, 
-0.28999999999999998, -0.02, 0.14999999999999999, -0.37, 0.029999999999999999, 
0.040000000000000001, -0.059999999999999998, 0.080000000000000002, 
0.31, 0.02, 0.17999999999999999, 0.23999999999999999, 0.01, 0.029999999999999999, 
-0.080000000000000002, -0.14000000000000001, -0.14000000000000001, 
-0.27000000000000002, -0.40999999999999998, 0.11, 0.14999999999999999, 
-0.10000000000000001, -0.14999999999999999, -0.23999999999999999, 
-0.029999999999999999, 0.22, 0.070000000000000007, 0.13, 0.19, 
0.14999999999999999, 0.17999999999999999, -0.10000000000000001, 
-0.17000000000000001, -0.040000000000000001, -0.20999999999999999, 
-0.14000000000000001, -0.17999999999999999, 0.22, -0.14999999999999999, 
-0.17999999999999999, 0.32000000000000001, -0.27000000000000002, 
0.080000000000000002, -0.059999999999999998, 0.22, 0.10000000000000001, 
-0.10000000000000001, 0.39000000000000001, 0.41999999999999998, 
0.14999999999999999, 0.42999999999999999, 0.14000000000000001, 
-0.040000000000000001, 0.37, 0.42999999999999999, 0.44, 0.29999999999999999, 
0.44, 0.5, 0.40000000000000002, 0.37, 0.02, 0.79000000000000004, 
0.46000000000000002, 0.40000000000000002, 0.88, 0.64000000000000001, 
0.56000000000000005, 0.42999999999999999, 0.78000000000000003, 
0.57999999999999996, 0.71999999999999997, 0.59999999999999998, 
0.72999999999999998, 0.69999999999999996, 0.38, 0.52000000000000002, 
0.82999999999999996, 0.47999999999999998, 0.48999999999999999, 
0.62, 0.55000000000000004, 0.90000000000000002, 1.3600000000000001, 
1.1299999999999999, 0.83999999999999997, 0.93999999999999995, 
1.24, 0.64000000000000001, 0.89000000000000001, 0.96999999999999997, 
1.4299999999999999, NA),